
local cfr = CFrame.new

return {{tm=0;["Torso"]={cf=cfr(0,-.672,-.259,.96,.279,0,-.207,.711,-.672,-.188,.645,.741);es="Linear";ed="In";};["Left Leg"]={cf=cfr(-.344,-.175,.121,.645,-.716,.269,.742,.67,.005,-.184,.196,.963);es="Linear";ed="In";};["Right Arm"]={cf=cfr(.088,-.309,.115,.879,.013,-.477,.14,.949,.284,.456,-.316,.832);es="Linear";ed="In";};["Handle"]={cf=cfr(0,0,0,1,0,0,0,.91,.414,0,-.414,.91);es="Linear";ed="In";};["Head"]={cf=cfr(0,0,0,.952,-.302,-.055,.307,.933,.188,-.005,-.196,.981);es="Linear";ed="In";};["Right Leg"]={cf=cfr(.872,.052,-.162,.184,-.935,.303,.982,.188,-.018,-.04,.301,.953);es="Linear";ed="In";};["Left Arm"]={cf=cfr(-.209,-.25,.241,-.313,.947,-.073,-.513,-.103,.852,.799,.304,.518);es="Linear";ed="In";};};{tm=.017;["Torso"]={cf=cfr(0,-.672,-.253,.962,.273,0,-.202,.713,-.672,-.183,.647,.741);es="Linear";ed="In";};["Left Leg"]={cf=cfr(-.406,-.18,.132,.635,-.727,.261,.753,.658,.005,-.176,.193,.965);es="Linear";ed="In";};["Right Arm"]={cf=cfr(.088,-.309,.115,.88,.013,-.475,.14,.949,.284,.455,-.316,.833);es="Linear";ed="In";};["Handle"]={cf=cfr(0,0,0,1,-.001,0,.001,.91,.415,-.001,-.415,.91);es="Linear";ed="In";};["Head"]={cf=cfr(0,0,0,.954,-.295,-.054,.3,.935,.189,-.005,-.196,.981);es="Linear";ed="In";};["Right Leg"]={cf=cfr(.858,.047,-.157,.203,-.934,.295,.978,.208,-.016,-.046,.291,.955);es="Linear";ed="In";};["Left Arm"]={cf=cfr(-.199,-.247,.239,-.299,.95,-.084,-.548,-.099,.831,.781,.295,.55);es="Linear";ed="In";};};{tm=.033;["Handle"]={cf=cfr(0,0,0,1,-.005,0,.004,.909,.417,-.002,-.417,.909);es="Linear";ed="In";};};{tm=.05;["Torso"]={cf=cfr(0,-.672,-.236,.967,.253,0,-.187,.716,-.672,-.17,.65,.741);es="Linear";ed="In";};["Left Leg"]={cf=cfr(-.566,-.181,.154,.615,-.751,.239,.773,.635,.006,-.156,.181,.971);es="Linear";ed="In";};["Right Arm"]={cf=cfr(.088,-.309,.115,.882,.013,-.47,.138,.949,.285,.45,-.316,.835);es="Linear";ed="In";};["Handle"]={cf=cfr(0,0,0,1,-.01,.001,.009,.907,.422,-.005,-.422,.907);es="Linear";ed="In";};["Head"]={cf=cfr(0,0,0,.96,-.274,-.05,.278,.942,.19,-.005,-.196,.981);es="Linear";ed="In";};["Right Leg"]={cf=cfr(.819,.035,-.142,.256,-.928,.271,.965,.263,-.013,-.059,.265,.962);es="Linear";ed="In";};["Left Arm"]={cf=cfr(-.174,-.236,.235,-.256,.96,-.111,-.633,-.08,.77,.73,.267,.629);es="Linear";ed="In";};};{tm=.067;["Torso"]={cf=cfr(0,-.672,-.211,.975,.223,0,-.165,.722,-.672,-.15,.655,.741);es="Linear";ed="In";};["Left Leg"]={cf=cfr(-.785,-.146,.171,.603,-.771,.206,.786,.618,.008,-.133,.157,.979);es="Linear";ed="In";};["Right Arm"]={cf=cfr(.088,-.309,.115,.886,.013,-.463,.136,.949,.286,.442,-.316,.839);es="Linear";ed="In";};["Handle"]={cf=cfr(0,0,0,1,-.018,.001,.016,.904,.428,-.009,-.428,.904);es="Linear";ed="In";};["Head"]={cf=cfr(0,0,0,.969,-.241,-.044,.245,.95,.191,-.004,-.196,.981);es="Linear";ed="In";};["Right Leg"]={cf=cfr(.762,.016,-.122,.336,-.912,.235,.939,.344,-.009,-.073,.224,.972);es="Linear";ed="In";};["Left Arm"]={cf=cfr(-.145,-.221,.228,-.179,.974,-.14,-.738,-.039,.673,.65,.224,.726);es="Linear";ed="In";};};{tm=.083;["Torso"]={cf=cfr(0,-.672,-.183,.983,.183,0,-.136,.728,-.672,-.123,.661,.741);es="Linear";ed="In";};["Left Leg"]={cf=cfr(-1.018,-.036,.165,.623,-.766,.162,.775,.632,.011,-.111,.119,.987);es="Linear";ed="In";};["Right Arm"]={cf=cfr(.088,-.309,.115,.892,.013,-.453,.132,.949,.288,.433,-.316,.844);es="Linear";ed="In";};["Handle"]={cf=cfr(0,0,0,1,-.027,.002,.024,.9,.436,-.014,-.436,.9);es="Linear";ed="In";};["Head"]={cf=cfr(0,0,0,.979,-.199,-.037,.202,.96,.193,-.003,-.196,.981);es="Linear";ed="In";};["Right Leg"]={cf=cfr(.694,-.01,-.1,.436,-.88,.189,.897,.443,-.004,-.08,.171,.982);es="Linear";ed="In";};["Left Arm"]={cf=cfr(-.118,-.202,.216,-.064,.985,-.158,-.831,.035,.556,.553,.167,.816);es="Linear";ed="In";};};{tm=.1;["Handle"]={cf=cfr(0,0,0,.999,-.038,.003,.033,.895,.445,-.019,-.444,.896);es="Linear";ed="In";};};{tm=.117;["Torso"]={cf=cfr(0,-.672,-.153,.991,.137,0,-.101,.734,-.672,-.092,.666,.741);es="Linear";ed="In";};["Left Leg"]={cf=cfr(-1.212,.181,.125,.694,-.711,.112,.715,.699,.016,-.09,.069,.994);es="Linear";ed="In";};["Right Arm"]={cf=cfr(.088,-.309,.115,.898,.013,-.441,.129,.949,.289,.422,-.316,.85);es="Linear";ed="In";};["Handle"]={cf=cfr(0,0,0,.999,-.051,.003,.044,.89,.455,-.026,-.454,.891);es="Linear";ed="In";};["Head"]={cf=cfr(0,0,0,.989,-.148,-.027,.151,.969,.195,-.002,-.197,.98);es="Linear";ed="In";};["Right Leg"]={cf=cfr(.62,-.042,-.077,.543,-.828,.136,.836,.549,0,-.075,.114,.991);es="Linear";ed="In";};["Left Arm"]={cf=cfr(-.1,-.181,.199,.086,.984,-.156,-.885,.148,.442,.458,.1,.883);es="Linear";ed="In";};};{tm=.133;["Torso"]={cf=cfr(0,-.672,-.125,.996,.084,0,-.062,.738,-.672,-.057,.67,.741);es="Linear";ed="In";};["Left Leg"]={cf=cfr(-1.294,.5,.053,.816,-.575,.058,.575,.818,.023,-.061,.014,.998);es="Linear";ed="In";};["Right Arm"]={cf=cfr(.088,-.309,.115,.904,.013,-.427,.124,.949,.291,.409,-.316,.856);es="Linear";ed="In";};["Handle"]={cf=cfr(0,0,0,.998,-.065,.004,.055,.883,.465,-.033,-.464,.885);es="Linear";ed="In";};["Head"]={cf=cfr(0,0,0,.996,-.091,-.017,.093,.976,.196,-.002,-.197,.98);es="Linear";ed="In";};["Right Leg"]={cf=cfr(.539,-.081,-.054,.65,-.756,.079,.758,.652,.004,-.055,.057,.997);es="Linear";ed="In";};["Left Arm"]={cf=cfr(-.095,-.159,.178,.269,.954,-.133,-.882,.3,.363,.386,.02,.922);es="Linear";ed="In";};};{tm=.15;["Torso"]={cf=cfr(0,-.672,-.102,1,.028,0,-.021,.74,-.672,-.019,.672,.741);es="Linear";ed="In";};["Left Leg"]={cf=cfr(-1.212,.835,-.029,.942,-.336,.006,.335,.942,.03,-.016,-.027,1);es="Linear";ed="In";};["Right Arm"]={cf=cfr(.088,-.309,.115,.91,.013,-.413,.12,.949,.293,.396,-.316,.862);es="Linear";ed="In";};["Handle"]={cf=cfr(0,0,0,.997,-.079,.004,.067,.877,.476,-.041,-.475,.879);es="Linear";ed="In";};["Head"]={cf=cfr(0,0,0,1,-.031,-.006,.031,.98,.197,-.001,-.197,.98);es="Linear";ed="In";};["Right Leg"]={cf=cfr(.449,-.123,-.031,.747,-.665,.02,.665,.747,.007,-.02,.008,1);es="Linear";ed="In";};["Left Arm"]={cf=cfr(-.092,-.14,.157,.472,.876,-.094,-.819,.476,.32,.325,-.074,.943);es="Linear";ed="In";};};{tm=.167;["Handle"]={cf=cfr(0,0,0,.996,-.093,.004,.08,.869,.488,-.049,-.485,.873);es="Linear";ed="In";};};{tm=.183;["Torso"]={cf=cfr(0,-.672,-.087,1,-.028,0,.021,.74,-.672,.019,.672,.741);es="Linear";ed="In";};["Left Leg"]={cf=cfr(-1.007,1.055,-.082,.999,-.025,-.041,.026,.999,.03,.041,-.031,.999);es="Linear";ed="In";};["Right Arm"]={cf=cfr(.088,-.309,.115,.917,.013,-.399,.115,.949,.295,.382,-.316,.868);es="Linear";ed="In";};["Handle"]={cf=cfr(0,0,0,.994,-.108,.004,.092,.862,.499,-.057,-.496,.867);es="Linear";ed="In";};["Head"]={cf=cfr(0,0,0,1,.031,.006,-.031,.98,.197,.001,-.197,.98);es="Linear";ed="In";};["Right Leg"]={cf=cfr(.346,-.155,-.013,.829,-.558,-.037,.558,.829,.01,.025,-.029,.999);es="Linear";ed="In";};["Left Arm"]={cf=cfr(-.083,-.128,.138,.674,.737,-.044,-.694,.652,.305,.254,-.175,.951);es="Linear";ed="In";};};{tm=.2;["Torso"]={cf=cfr(0,-.672,-.084,.996,-.084,0,.062,.738,-.672,.057,.67,.741);es="Linear";ed="In";};["Left Leg"]={cf=cfr(-.794,1.097,-.093,.955,.284,-.087,-.283,.959,.019,.089,.007,.996);es="Linear";ed="In";};["Right Arm"]={cf=cfr(.088,-.309,.115,.923,.013,-.385,.111,.949,.297,.369,-.316,.874);es="Linear";ed="In";};["Handle"]={cf=cfr(0,0,0,.993,-.122,.004,.103,.854,.51,-.065,-.506,.86);es="Linear";ed="In";};["Head"]={cf=cfr(0,0,0,.996,.091,.017,-.093,.976,.196,.002,-.197,.98);es="Linear";ed="In";};["Right Leg"]={cf=cfr(.23,-.164,-.003,.895,-.437,-.092,.44,.898,.012,.078,-.052,.996);es="Linear";ed="In";};["Left Arm"]={cf=cfr(-.06,-.124,.121,.843,.537,.012,-.514,.8,.31,.157,-.267,.951);es="Linear";ed="In";};};{tm=.217;["Torso"]={cf=cfr(0,-.672,-.095,.991,-.137,0,.101,.734,-.672,.092,.666,.741);es="Linear";ed="In";};["Left Leg"]={cf=cfr(-.649,.991,-.082,.83,.541,-.137,-.546,.838,.001,.115,.073,.991);es="Linear";ed="In";};["Right Arm"]={cf=cfr(.088,-.309,.115,.928,.013,-.371,.106,.949,.298,.356,-.316,.879);es="Linear";ed="In";};["Handle"]={cf=cfr(0,0,0,.991,-.136,.003,.114,.846,.52,-.073,-.515,.854);es="Linear";ed="In";};["Head"]={cf=cfr(0,0,0,.989,.148,.027,-.151,.969,.195,.002,-.197,.98);es="Linear";ed="In";};["Right Leg"]={cf=cfr(.111,-.134,-.004,.944,-.299,-.143,.304,.953,.015,.132,-.058,.99);es="Linear";ed="In";};["Left Arm"]={cf=cfr(-.025,-.131,.105,.951,.298,.076,-.307,.896,.32,.027,-.328,.944);es="Linear";ed="In";};};{tm=.233;["Handle"]={cf=cfr(0,0,0,.989,-.148,.003,.124,.839,.53,-.081,-.524,.848);es="Linear";ed="In";};};{tm=.25;["Torso"]={cf=cfr(0,-.672,-.123,.983,-.183,0,.136,.728,-.672,.123,.661,.741);es="Linear";ed="In";};["Left Leg"]={cf=cfr(-.584,.786,-.071,.655,.732,-.187,-.747,.665,-.013,.115,.149,.982);es="Linear";ed="In";};["Right Arm"]={cf=cfr(.088,-.309,.115,.933,.013,-.359,.102,.949,.3,.344,-.316,.884);es="Linear";ed="In";};["Handle"]={cf=cfr(0,0,0,.987,-.159,.002,.133,.832,.538,-.087,-.531,.843);es="Linear";ed="In";};["Head"]={cf=cfr(0,0,0,.979,.199,.037,-.202,.96,.193,.003,-.196,.981);es="Linear";ed="In";};["Right Leg"]={cf=cfr(.006,-.06,-.011,.973,-.139,-.186,.144,.989,.017,.181,-.043,.982);es="Linear";ed="In";};["Left Arm"]={cf=cfr(.019,-.157,.089,.987,.055,.151,-.103,.939,.329,-.123,-.34,.932);es="Linear";ed="In";};};{tm=.267;["Torso"]={cf=cfr(0,-.672,-.161,.975,-.223,0,.165,.722,-.672,.15,.655,.741);es="Linear";ed="In";};["Left Leg"]={cf=cfr(-.582,.498,-.071,.445,.864,-.234,-.891,.454,-.021,.088,.218,.972);es="Linear";ed="In";};["Right Arm"]={cf=cfr(.088,-.309,.115,.937,.013,-.348,.099,.949,.301,.334,-.316,.888);es="Linear";ed="In";};["Handle"]={cf=cfr(0,0,0,.986,-.168,.001,.14,.826,.545,-.093,-.537,.838);es="Linear";ed="In";};["Head"]={cf=cfr(0,0,0,.969,.241,.044,-.245,.95,.191,.004,-.196,.981);es="Linear";ed="In";};["Right Leg"]={cf=cfr(-.027,.025,-.009,.974,.058,-.22,-.056,.998,.016,.221,-.003,.975);es="Linear";ed="In";};["Left Arm"]={cf=cfr(.059,-.193,.073,.961,-.162,.226,.079,.938,.337,-.266,-.306,.914);es="Linear";ed="In";};};{tm=.283;["Torso"]={cf=cfr(0,-.672,-.201,.967,-.253,0,.187,.716,-.672,.17,.65,.741);es="Linear";ed="In";};["Left Leg"]={cf=cfr(-.628,.085,-.087,.186,.944,-.273,-.982,.187,-.022,.03,.272,.962);es="Linear";ed="In";};["Right Arm"]={cf=cfr(.088,-.309,.115,.94,.013,-.34,.096,.949,.302,.326,-.316,.891);es="Linear";ed="In";};["Handle"]={cf=cfr(0,0,0,.984,-.176,.001,.146,.822,.551,-.098,-.542,.835);es="Linear";ed="In";};["Head"]={cf=cfr(0,0,0,.96,.274,.05,-.278,.942,.19,.005,-.196,.981);es="Linear";ed="In";};["Right Leg"]={cf=cfr(.194,0,.061,.893,.378,-.246,-.387,.922,.011,.231,.086,.969);es="Linear";ed="In";};["Left Arm"]={cf=cfr(.083,-.231,.06,.896,-.337,.29,.231,.91,.346,-.38,-.243,.893);es="Linear";ed="In";};};{tm=.3;["Handle"]={cf=cfr(0,0,0,.983,-.181,0,.151,.818,.555,-.101,-.546,.832);es="Linear";ed="In";};};{tm=.317;["Torso"]={cf=cfr(0,-.672,-.236,.962,-.273,0,.202,.713,-.672,.183,.647,.741);es="Linear";ed="In";};["Left Leg"]={cf=cfr(-.773,.069,-.13,.171,.94,-.296,-.985,.172,-.021,.031,.295,.955);es="Linear";ed="In";};["Right Arm"]={cf=cfr(.088,-.309,.115,.942,.013,-.335,.095,.949,.302,.321,-.316,.893);es="Linear";ed="In";};["Handle"]={cf=cfr(0,0,0,.983,-.185,0,.153,.816,.558,-.103,-.548,.83);es="Linear";ed="In";};["Head"]={cf=cfr(0,0,0,.954,.295,.054,-.3,.935,.189,.005,-.196,.981);es="Linear";ed="In";};["Right Leg"]={cf=cfr(.283,-.085,.099,.769,.583,-.264,-.603,.798,.007,.215,.153,.965);es="Linear";ed="In";};["Left Arm"]={cf=cfr(.084,-.262,.054,.817,-.47,.334,.354,.866,.352,-.454,-.169,.875);es="Linear";ed="In";};};{tm=.333;["Torso"]={cf=cfr(0,-.672,-.259,.96,-.279,0,.207,.711,-.672,.188,.645,.741);es="Linear";ed="In";};["Left Leg"]={cf=cfr(-.872,.052,-.162,.184,.935,-.303,-.982,.188,-.018,.04,.301,.953);es="Linear";ed="In";};["Right Arm"]={cf=cfr(.088,-.309,.115,.943,.013,-.333,.094,.949,.302,.319,-.316,.893);es="Linear";ed="In";};["Handle"]={cf=cfr(0,0,0,.983,-.186,0,.154,.815,.558,-.104,-.549,.83);es="Linear";ed="In";};["Head"]={cf=cfr(0,0,0,.952,.302,.055,-.307,.933,.188,.005,-.196,.981);es="Linear";ed="In";};["Right Leg"]={cf=cfr(.344,-.175,.121,.645,.716,-.269,-.742,.67,.005,.184,.196,.963);es="Linear";ed="In";};["Left Arm"]={cf=cfr(.058,-.274,.058,.744,-.567,.353,.456,.817,.352,-.488,-.101,.867);es="Linear";ed="In";};};{tm=.35;["Torso"]={cf=cfr(0,-.672,-.264,.962,-.273,0,.202,.713,-.672,.183,.647,.741);es="Linear";ed="In";};["Left Leg"]={cf=cfr(-.925,.026,-.178,.227,.929,-.294,-.972,.233,-.013,.056,.289,.956);es="Linear";ed="In";};["Right Arm"]={cf=cfr(.088,-.309,.115,.942,.013,-.335,.095,.949,.302,.321,-.316,.893);es="Linear";ed="In";};["Handle"]={cf=cfr(0,0,0,.983,-.185,0,.153,.816,.558,-.103,-.548,.83);es="Linear";ed="In";};["Head"]={cf=cfr(0,0,0,.954,.295,.054,-.3,.935,.189,.005,-.196,.981);es="Linear";ed="In";};["Right Leg"]={cf=cfr(.447,-.254,.141,.536,.803,-.259,-.831,.556,.003,.147,.214,.966);es="Linear";ed="In";};["Left Arm"]={cf=cfr(.004,-.26,.074,.688,-.639,.344,.542,.768,.341,-.482,-.049,.875);es="Linear";ed="In";};};{tm=.367;["Handle"]={cf=cfr(0,0,0,.983,-.181,0,.151,.818,.555,-.101,-.546,.832);es="Linear";ed="In";};};{tm=.383;["Torso"]={cf=cfr(0,-.672,-.254,.967,-.253,0,.187,.716,-.672,.17,.65,.741);es="Linear";ed="In";};["Left Leg"]={cf=cfr(-.939,-.012,-.177,.293,.917,-.27,-.953,.302,-.009,.073,.26,.963);es="Linear";ed="In";};["Right Arm"]={cf=cfr(.088,-.309,.115,.94,.013,-.34,.096,.949,.302,.326,-.316,.891);es="Linear";ed="In";};["Handle"]={cf=cfr(0,0,0,.984,-.176,.001,.146,.822,.551,-.098,-.542,.835);es="Linear";ed="In";};["Head"]={cf=cfr(0,0,0,.96,.274,.05,-.278,.942,.19,.005,-.196,.981);es="Linear";ed="In";};["Right Leg"]={cf=cfr(.617,-.323,.164,.443,.865,-.235,-.89,.456,.002,.109,.208,.972);es="Linear";ed="In";};["Left Arm"]={cf=cfr(-.065,-.225,.095,.652,-.689,.316,.611,.724,.32,-.449,-.016,.893);es="Linear";ed="In";};};{tm=.4;["Torso"]={cf=cfr(0,-.672,-.231,.975,-.223,0,.165,.722,-.672,.15,.655,.741);es="Linear";ed="In";};["Left Leg"]={cf=cfr(-.865,-.032,-.148,.363,.902,-.235,-.928,.372,-.006,.082,.22,.972);es="Linear";ed="In";};["Right Arm"]={cf=cfr(.088,-.309,.115,.937,.013,-.348,.099,.949,.301,.334,-.316,.888);es="Linear";ed="In";};["Handle"]={cf=cfr(0,0,0,.986,-.168,.001,.14,.826,.545,-.093,-.537,.838);es="Linear";ed="In";};["Head"]={cf=cfr(0,0,0,.969,.241,.044,-.245,.95,.191,.004,-.196,.981);es="Linear";ed="In";};["Right Leg"]={cf=cfr(.844,-.353,.177,.378,.904,-.199,-.922,.386,.002,.079,.183,.98);es="Linear";ed="In";};["Left Arm"]={cf=cfr(-.13,-.179,.117,.639,-.717,.279,.656,.697,.289,-.402,-.002,.916);es="Linear";ed="In";};};{tm=.417;["Torso"]={cf=cfr(0,-.672,-.201,.983,-.183,0,.136,.728,-.672,.123,.661,.741);es="Linear";ed="In";};["Left Leg"]={cf=cfr(-.758,-.046,-.113,.448,.874,-.189,-.89,.456,-.002,.084,.169,.982);es="Linear";ed="In";};["Right Arm"]={cf=cfr(.088,-.309,.115,.933,.013,-.359,.102,.949,.3,.344,-.316,.884);es="Linear";ed="In";};["Handle"]={cf=cfr(0,0,0,.987,-.159,.002,.133,.832,.538,-.087,-.531,.843);es="Linear";ed="In";};["Head"]={cf=cfr(0,0,0,.979,.199,.037,-.202,.96,.193,.003,-.196,.981);es="Linear";ed="In";};["Right Leg"]={cf=cfr(1.104,-.281,.17,.374,.915,-.153,-.925,.379,.004,.061,.14,.988);es="Linear";ed="In";};["Left Arm"]={cf=cfr(-.176,-.133,.13,.653,-.718,.242,.67,.696,.257,-.353,-.006,.935);es="Linear";ed="In";};};{tm=.433;["Handle"]={cf=cfr(0,0,0,.989,-.148,.003,.124,.839,.53,-.081,-.524,.848);es="Linear";ed="In";};};{tm=.45;["Torso"]={cf=cfr(0,-.672,-.167,.991,-.137,0,.101,.734,-.672,.092,.666,.741);es="Linear";ed="In";};["Left Leg"]={cf=cfr(-.652,-.064,-.081,.548,.825,-.136,-.833,.553,0,.075,.113,.991);es="Linear";ed="In";};["Right Arm"]={cf=cfr(.088,-.309,.115,.928,.013,-.371,.106,.949,.298,.356,-.316,.879);es="Linear";ed="In";};["Handle"]={cf=cfr(0,0,0,.991,-.136,.003,.114,.846,.52,-.073,-.515,.854);es="Linear";ed="In";};["Head"]={cf=cfr(0,0,0,.989,.148,.027,-.151,.969,.195,.002,-.197,.98);es="Linear";ed="In";};["Right Leg"]={cf=cfr(1.346,-.037,.128,.472,.876,-.099,-.88,.475,.009,.055,.083,.995);es="Linear";ed="In";};["Left Arm"]={cf=cfr(-.189,-.095,.13,.698,-.683,.216,.642,.73,.233,-.317,-.024,.948);es="Linear";ed="In";};};{tm=.467;["Torso"]={cf=cfr(0,-.672,-.135,.996,-.084,0,.062,.738,-.672,.057,.67,.741);es="Linear";ed="In";};["Left Leg"]={cf=cfr(-.554,-.095,-.05,.651,.755,-.081,-.757,.653,.002,.054,.06,.997);es="Linear";ed="In";};["Right Arm"]={cf=cfr(.088,-.309,.115,.923,.013,-.385,.111,.949,.297,.369,-.316,.874);es="Linear";ed="In";};["Handle"]={cf=cfr(0,0,0,.993,-.122,.004,.103,.854,.51,-.065,-.506,.86);es="Linear";ed="In";};["Head"]={cf=cfr(0,0,0,.996,.091,.017,-.093,.976,.196,.002,-.197,.98);es="Linear";ed="In";};["Right Leg"]={cf=cfr(1.451,.398,.045,.68,.732,-.042,-.732,.681,.022,.044,.016,.999);es="Linear";ed="In";};["Left Arm"]={cf=cfr(-.16,-.073,.111,.772,-.6,.208,.56,.798,.224,-.3,-.056,.952);es="Linear";ed="In";};};{tm=.483;["Torso"]={cf=cfr(0,-.672,-.107,1,-.028,0,.021,.74,-.672,.019,.672,.741);es="Linear";ed="In";};["Left Leg"]={cf=cfr(-.468,-.144,-.018,.747,.665,-.026,-.665,.747,.002,.02,.016,1);es="Linear";ed="In";};["Right Arm"]={cf=cfr(.088,-.309,.115,.917,.013,-.399,.115,.949,.295,.382,-.316,.868);es="Linear";ed="In";};["Handle"]={cf=cfr(0,0,0,.994,-.108,.004,.092,.862,.499,-.057,-.496,.867);es="Linear";ed="In";};["Head"]={cf=cfr(0,0,0,1,.031,.006,-.031,.98,.197,.001,-.197,.98);es="Linear";ed="In";};["Right Leg"]={cf=cfr(1.309,.854,-.044,.901,.433,.007,-.433,.901,.035,.009,-.034,.999);es="Linear";ed="In";};["Left Arm"]={cf=cfr(-.107,-.067,.086,.861,-.465,.208,.421,.879,.225,-.287,-.107,.952);es="Linear";ed="In";};};{tm=.5;["Handle"]={cf=cfr(0,0,0,.996,-.093,.004,.08,.869,.488,-.049,-.485,.873);es="Linear";ed="In";};};{tm=.517;["Torso"]={cf=cfr(0,-.672,-.089,1,.028,0,-.021,.74,-.672,-.019,.672,.741);es="Linear";ed="In";};["Left Leg"]={cf=cfr(-.386,-.214,.002,.826,.562,.033,-.563,.827,.004,-.025,-.022,.999);es="Linear";ed="In";};["Right Arm"]={cf=cfr(.088,-.309,.115,.91,.013,-.413,.12,.949,.293,.396,-.316,.862);es="Linear";ed="In";};["Handle"]={cf=cfr(0,0,0,.997,-.079,.004,.067,.877,.476,-.041,-.475,.879);es="Linear";ed="In";};["Head"]={cf=cfr(0,0,0,1,-.031,-.006,.031,.98,.197,-.001,-.197,.98);es="Linear";ed="In";};["Right Leg"]={cf=cfr(1.028,1.088,-.089,.998,.053,.045,-.055,.998,.033,-.043,-.036,.998);es="Linear";ed="In";};["Left Arm"]={cf=cfr(-.051,-.077,.07,.941,-.274,.197,.226,.945,.236,-.251,-.178,.952);es="Linear";ed="In";};};{tm=.533;["Torso"]={cf=cfr(0,-.672,-.083,.996,.084,0,-.062,.738,-.672,-.057,.67,.741);es="Linear";ed="In";};["Left Leg"]={cf=cfr(-.263,-.225,.005,.891,.445,.092,-.448,.894,.01,-.078,-.05,.996);es="Linear";ed="In";};["Right Arm"]={cf=cfr(.088,-.309,.115,.904,.013,-.427,.124,.949,.291,.409,-.316,.856);es="Linear";ed="In";};["Handle"]={cf=cfr(0,0,0,.998,-.065,.004,.055,.883,.465,-.033,-.464,.885);es="Linear";ed="In";};["Head"]={cf=cfr(0,0,0,.996,-.091,-.017,.093,.976,.196,-.002,-.197,.98);es="Linear";ed="In";};["Right Leg"]={cf=cfr(.79,1.072,-.091,.951,-.295,.087,.295,.955,.017,-.088,.009,.996);es="Linear";ed="In";};["Left Arm"]={cf=cfr(-.016,-.1,.074,.987,-.021,.158,-.021,.965,.261,-.158,-.261,.952);es="Linear";ed="In";};};{tm=.55;["Torso"]={cf=cfr(0,-.672,-.095,.991,.137,0,-.101,.734,-.672,-.092,.666,.741);es="Linear";ed="In";};["Left Leg"]={cf=cfr(-.111,-.134,-.004,.944,.299,.143,-.304,.953,.015,-.132,-.058,.99);es="Linear";ed="In";};["Right Arm"]={cf=cfr(.088,-.309,.115,.898,.013,-.441,.129,.949,.289,.422,-.316,.85);es="Linear";ed="In";};["Handle"]={cf=cfr(0,0,0,.999,-.051,.003,.044,.89,.455,-.026,-.454,.891);es="Linear";ed="In";};["Head"]={cf=cfr(0,0,0,.989,-.148,-.027,.151,.969,.195,-.002,-.197,.98);es="Linear";ed="In";};["Right Leg"]={cf=cfr(.647,.889,-.081,.807,-.574,.136,.579,.815,.001,-.112,.078,.991);es="Linear";ed="In";};["Left Arm"]={cf=cfr(-.025,-.131,.105,.951,.298,.076,-.307,.896,.32,.027,-.328,.944);es="Linear";ed="In";};};{tm=.567;["Handle"]={cf=cfr(0,0,0,.999,-.038,.003,.033,.895,.445,-.019,-.444,.896);es="Linear";ed="In";};};{tm=.583;["Torso"]={cf=cfr(0,-.672,-.127,.983,.183,0,-.136,.728,-.672,-.123,.661,.741);es="Linear";ed="In";};["Left Leg"]={cf=cfr(.003,.002,-.015,.976,.115,.185,-.121,.993,.018,-.181,-.04,.983);es="Linear";ed="In";};["Right Arm"]={cf=cfr(.088,-.309,.115,.892,.013,-.453,.132,.949,.288,.433,-.316,.844);es="Linear";ed="In";};["Handle"]={cf=cfr(0,0,0,1,-.027,.002,.024,.9,.436,-.014,-.436,.9);es="Linear";ed="In";};["Head"]={cf=cfr(0,0,0,.979,-.199,-.037,.202,.96,.193,-.003,-.196,.981);es="Linear";ed="In";};["Right Leg"]={cf=cfr(.589,.601,-.075,.601,-.777,.188,.792,.611,-.01,-.107,.155,.982);es="Linear";ed="In";};["Left Arm"]={cf=cfr(-.084,-.161,.154,.757,.652,-.041,-.571,.692,.441,.316,-.311,.896);es="Linear";ed="In";};};{tm=.6;["Torso"]={cf=cfr(0,-.672,-.169,.975,.223,0,-.165,.722,-.672,-.15,.655,.741);es="Linear";ed="In";};["Left Leg"]={cf=cfr(-.289,.052,.066,.932,-.29,.217,.294,.956,.013,-.211,.051,.976);es="Linear";ed="In";};["Right Arm"]={cf=cfr(.088,-.309,.115,.886,.013,-.463,.136,.949,.286,.442,-.316,.839);es="Linear";ed="In";};["Handle"]={cf=cfr(0,0,0,1,-.018,.001,.016,.904,.428,-.009,-.428,.904);es="Linear";ed="In";};["Head"]={cf=cfr(0,0,0,.969,-.241,-.044,.245,.95,.191,-.004,-.196,.981);es="Linear";ed="In";};["Right Leg"]={cf=cfr(.566,.123,-.073,.292,-.927,.236,.955,.297,-.015,-.056,.23,.972);es="Linear";ed="In";};["Left Arm"]={cf=cfr(-.15,-.18,.191,.398,.909,-.122,-.696,.386,.606,.598,-.156,.786);es="Linear";ed="In";};};{tm=.617;["Torso"]={cf=cfr(0,-.672,-.212,.967,.253,0,-.187,.716,-.672,-.17,.65,.741);es="Linear";ed="In";};["Left Leg"]={cf=cfr(-.392,-.05,.112,.798,-.55,.244,.566,.825,.009,-.206,.13,.97);es="Linear";ed="In";};["Right Arm"]={cf=cfr(.088,-.309,.115,.882,.013,-.47,.138,.949,.285,.45,-.316,.835);es="Linear";ed="In";};["Handle"]={cf=cfr(0,0,0,1,-.01,.001,.009,.907,.422,-.005,-.422,.907);es="Linear";ed="In";};["Head"]={cf=cfr(0,0,0,.96,-.274,-.05,.278,.942,.19,-.005,-.196,.981);es="Linear";ed="In";};["Right Leg"]={cf=cfr(.725,.063,-.115,.224,-.936,.272,.973,.228,-.017,-.046,.268,.962);es="Linear";ed="In";};["Left Arm"]={cf=cfr(-.189,-.204,.213,.022,.992,-.126,-.656,.11,.746,.754,.066,.654);es="Linear";ed="In";};};{tm=.633;["Handle"]={cf=cfr(0,0,0,1,-.005,0,.004,.909,.417,-.002,-.417,.909);es="Linear";ed="In";};};{tm=.65;["Torso"]={cf=cfr(0,-.672,-.246,.962,.273,0,-.202,.713,-.672,-.183,.647,.741);es="Linear";ed="In";};["Left Leg"]={cf=cfr(-.37,-.143,.122,.687,-.678,.262,.701,.713,.006,-.191,.18,.965);es="Linear";ed="In";};["Right Arm"]={cf=cfr(.088,-.309,.115,.88,.013,-.475,.14,.949,.284,.455,-.316,.833);es="Linear";ed="In";};["Handle"]={cf=cfr(0,0,0,1,-.001,0,.001,.91,.415,-.001,-.415,.91);es="Linear";ed="In";};["Head"]={cf=cfr(0,0,0,.954,-.295,-.054,.3,.935,.189,-.005,-.196,.981);es="Linear";ed="In";};["Right Leg"]={cf=cfr(.834,.054,-.149,.194,-.936,.295,.98,.198,-.018,-.042,.292,.955);es="Linear";ed="In";};["Left Arm"]={cf=cfr(-.204,-.235,.232,-.227,.97,-.092,-.56,-.052,.827,.797,.239,.555);es="Linear";ed="In";};};{tm=.667;["Torso"]={cf=cfr(0,-.672,-.259,.96,.279,0,-.207,.711,-.672,-.188,.645,.741);es="Linear";ed="In";};["Left Leg"]={cf=cfr(-.344,-.175,.121,.645,-.716,.269,.742,.67,.005,-.184,.196,.963);es="Linear";ed="In";};["Right Arm"]={cf=cfr(.088,-.309,.115,.879,.013,-.477,.14,.949,.284,.456,-.316,.832);es="Linear";ed="In";};["Handle"]={cf=cfr(0,0,0,1,0,0,0,.91,.414,0,-.414,.91);es="Linear";ed="In";};["Head"]={cf=cfr(0,0,0,.952,-.302,-.055,.307,.933,.188,-.005,-.196,.981);es="Linear";ed="In";};["Right Leg"]={cf=cfr(.872,.052,-.162,.184,-.935,.303,.982,.188,-.018,-.04,.301,.953);es="Linear";ed="In";};["Left Arm"]={cf=cfr(-.209,-.25,.241,-.313,.947,-.073,-.513,-.103,.852,.799,.304,.518);es="Linear";ed="In";};};}
